[['_' 'E' 'Rng' 'Ltr Cr' 'Tr Heigt' 'Ltr Height' 'Ltr Hover' 'Cr H']
 ['E' '1.0' '0.985' '0.148' '0.183' '0.183' '0.045' '-0.008']
 ['Rng' '0.985' '1.0' '0.012' '0.081' '0.081' '-0.001' '-0.016']
 ['Ltr Cr' '0.148' '0.012' '1.0' '0.006' '0.006' '0.004' '0.012']
 ['Tr Heigt' '0.183' '0.081' '0.006' '1.0' '1.0' '0.041' '0.064']
 ['Ltr Height' '0.183' '0.081' '0.006' '1.0' '1.0' '0.041' '0.064']
 ['Ltr Hover' '0.045' '-0.001' '0.004' '0.041' '0.041' '1.0' '-0.004']
 ['Cr H' '-0.008' '-0.016' '0.012' '0.064' '0.064' '-0.004' '1.0']]