MAC1 = 0.9362543408279275
MAC2 = 1.0047196710381159
taper = 0.45
rootchord1 = 1.2322863487447764
rootchord2 = 1.3223995670244488
thicknessChordRatio = 0.17
xAC = 0.25
MTOM_nc = 2494.147022628407
MTOM = 2677.2259976030223
AR1 = 9.500946395366952
AR2 = 9.980888392870787
S1 = 7.583438266868219
S2 = 9.174250815723356
span1 = 8.488217743795774
span2 = 9.569073804707465
nmax = 3.2
Pmax = 17
lf = 8.6964805796948
m_pax = 88
n_prop = 12
n_pax = 5
pos_fus = 3.4785922318779203
pos_lgear = 4.125
pos_frontwing = 0.5
pos_backwing = 7.382152599856545
zpos_frontwing = 0.3
zpos_backwing = 1.7
m_prop = [40.63797645 40.63797645 40.63797645 40.63797645 40.63797645 40.63797645
 40.63797645 40.63797645 40.63797645 40.63797645 40.63797645 40.63797645]
pos_prop = [0.06593641 0.06593641 0.06593641 0.06593641 0.06593641 0.06593641
 6.93097268 6.93097268 6.93097268 6.93097268 6.93097268 6.93097268]
Mac1 = -0.0030648661827121283
Mac2 = -0.0030907110542145403
flighttime = 1.6058469953488663
takeofftime = 0.07944166666663464
enginePlacement = [0.26593641 0.26593641 0.26593641 0.26593641 0.26593641 0.26593641
 7.13097268 7.13097268 7.13097268 7.13097268 7.13097268 7.13097268]
T_max = 30043.691919125074
T_max_ctrl = 1.4000000000000001
battery_pos = 2.4911330500588917
cargo_m = 35
cargo_pos = 6.5
battery_m = 735.5289856032329
P_max = 1986006.4624949829
vol_bat = 233.08037167937997
price_bat = 20977.233451144195
h_winglet_1 = 0.5
h_winglet_2 = 0.5
V_cruise = 69.62060418192333
h_cruise = 1000.0
CLmax = 1.6994233330654507
CD0fwd = 0.008558896967176247
CD0fwd = 0.008558896967176247
CD0 = 0.006241357025561847
Clafwd = 6.028232202020173
Clarear = 6.028232202020173
CL_cr_fwd = 0.5545665731524894
CL_cr_rear = 0.5545665731524895
CL_cr = 0.5545665731524894
P_br_cruise_per_engine = 9152.400370211786
T_cr_per_engine = 107.9151381482855
x_cg_MTOM_nc = 3.575787146037965
Prop_radius_front = 0.5308217743795774
Prop_radius_back = 0.6389073804707466
Disk_load_front = 254.57822935060284
Disk_load_back = 175.72878661190583
Root chord vertical tail = 1.4627143409045782
Front_wing_mass = 466.1808267590896
Rear_wing_mass = 502.92184071518625
Fuselage_mass = 195.7048496886525
Landing_gear_mass = 107.0890399041209
Vertical_tail_mass = 13.556914624999877
Propulsion_mass = 487.6557174549434
