MAC1 = 1.1749135062423561
MAC2 = 1.2368889059377945
taper = 0.45
rootchord1 = 1.5464065815897885
rootchord2 = 1.6279778338364315
thicknessChordRatio = 0.17
xAC = 0.25
mtom = 3005.514748524301
S1 = 9.113000592778656
S2 = 10.935600711334386
span1 = 8.128299594481325
span2 = 9.26522884682159
nmax = 3.2
Pmax = 17
lf = 12.741376188438984
m_pax = 88
n_prop = 12
n_pax = 5
pos_fus = 5.096550475375594
pos_lgear = 3.875
pos_frontwing = 0.5
pos_backwing = 6.5
zpos_frontwing = 0.3
zpos_backwing = 1.7
m_prop = 466.79782106117904
pos_prop = [0.00627162 0.00627162 0.00627162 0.00627162 0.00627162 0.00627162
 5.99077777 5.99077777 5.99077777 5.99077777 5.99077777 5.99077777]
Mac1 = -0.0029078667565400934
Mac2 = -0.0029567299122600036
flighttime = 1.582416629958732
takeofftime = 279.069999999891
enginePlacement = [0.20627162 0.20627162 0.20627162 0.20627162 0.20627162 0.20627162
 6.19077777 6.19077777 6.19077777 6.19077777 6.19077777 6.19077777]
T_max = 31859.28044359521
p_pax = [1.75, 3.75, 3.75, 6, 6]
battery_pos = 3.25
cargo_m = 35
cargo_pos = 6.5
battery_m = 876.3334041700087
P_max = 1680472.1558202447
vol_bat = 331.0592860197811
price_bat = 29795.335741780294
h_winglet_1 = 0.5
h_winglet_2 = 0.5
V_cruise = 70.77875725559997
CLmax = 1.6096989219012903
