MAC1 = 1.2575008477751943
MAC2 = 1.2575008477751943
taper = 0.45
rootchord1 = 1.6551070159824803
rootchord2 = 1.6551070159824803
thicknessChordRatio = 0.17
xAC = 0.25
MTOM_nc = 2755.7054091847017
MTOM = 2983.722766253702
AR1 = 6.8
AR2 = 6.8
S1 = 9.79122622839132
S2 = 9.79122622839132
span1 = 8.159677588793627
span2 = 8.159677588793627
nmax = 3.2
Pmax = 17
lf = 7.64133026198686
m_pax = 88
n_prop = 12
n_pax = 5
pos_fus = 3.0565321047947442
pos_lgear = 4.125
pos_frontwing = 0.5
pos_backwing = 6.1
zpos_frontwing = 0.3
zpos_backwing = 1.7
m_prop = [55.57460598 55.57460598 55.57460598 55.57460598 55.57460598 55.57460598
 55.57460598 55.57460598 55.57460598 55.57460598 55.57460598 55.57460598]
pos_prop = [-0.01437521 -0.01437521 -0.01437521 -0.01437521 -0.01437521 -0.01437521
  5.58562479  5.58562479  5.58562479  5.58562479  5.58562479  5.58562479]
Mac1 = -0.002866846692576361
Mac2 = -0.002866846692576361
flighttime = 1.5283312940403155
takeofftime = 0.06944444444444445
enginePlacement = [0.18562479 0.18562479 0.18562479 0.18562479 0.18562479 0.18562479
 5.78562479 5.78562479 5.78562479 5.78562479 5.78562479 5.78562479]
T_max = 43899.69292472249
p_pax = [1.75, 3.75, 3.75, 6, 6]
battery_pos = 1.0
cargo_m = 35
cargo_pos = 6.5
battery_m = 1005.8752213920004
P_max = 3333975.3509392315
vol_bat = 322.0987878737241
price_bat = 28988.89090863517
h_winglet_1 = 0.5
h_winglet_2 = 0.5
V_cruise = 73.1351869621341
h_cruise = 1000.0
CLmax = 1.6960954520924254
CD0fwd = 0.008558896967176247
CD0fwd = 0.008558896967176247
CD0 = 0.00539669655408498
Clafwd = 6.028232202020173
Clarear = 6.028232202020173
CL_cr_fwd = 0.5025468006199778
CL_cr_rear = 0.5025468006199778
CL_cr = 0.5025468006199778
P_br_cruise_per_engine = 13689.933220198565
T_cr_per_engine = 152.3758149587214
x_cg_MTOM_nc = 2.5867274287655686
Prop_radius_front = 0.4979677588793628
Prop_radius_back = 0.4979677588793628
Disk_load_front = 322.39604429185124
Disk_load_back = 322.39604429185124
Root chord vertical tail = 1.4699734999715102
Front_wing_mass = 476.9962486430067
Rear_wing_mass = 476.9962486430067
Fuselage_mass = 188.9158146875603
Landing_gear_mass = 119.34891065014808
Vertical_tail_mass = 12.56929582360982
Propulsion_mass = 666.8952717828963
