MAC1 = 1.74106417646957
MAC2 = 1.1960776647944547
taper = 0.45
rootchord1 = 2.291567070391114
rootchord2 = 1.5742625845252283
thicknessChordRatio = 0.17
xAC = 0.25
MTOM_nc = 3525.6129934592436
MTOM = 3827.133099022427
S1 = 16.74545133788977
S2 = 8.231551725346291
span1 = 10.07920499364489
span2 = 7.212179569253782
nmax = 3.2
Pmax = 17
lf = 11.43101249141768
m_pax = 88
n_prop = 12
n_pax = 5
pos_fus = 4.572404996567072
pos_lgear = 3.875
pos_frontwing = 0.5
pos_backwing = 10.429641674490231
zpos_frontwing = 0.3
zpos_backwing = 1.7
m_prop = 574.6894045611602
pos_prop = [-0.13526604 -0.13526604 -0.13526604 -0.13526604 -0.13526604 -0.13526604
  9.93062226  9.93062226  9.93062226  9.93062226  9.93062226  9.93062226]
Mac1 = -0.0027902019027460354
Mac2 = -0.0028180985724568287
flighttime = 1.4666039593303544
takeofftime = 0.06944444444444445
enginePlacement = [ 0.06473396  0.06473396  0.06473396  0.06473396  0.06473396  0.06473396
 10.13062226 10.13062226 10.13062226 10.13062226 10.13062226 10.13062226]
T_max = 55993.12788200512
p_pax = [1.75, 3.75, 3.75, 6, 6]
battery_pos = 0.5
cargo_m = 35
cargo_pos = 6.5
battery_m = 1408.5524621597065
P_max = 1700000.0
vol_bat = 408.4870498950719
price_bat = 36763.83449055647
h_winglet_1 = 0.5
h_winglet_2 = 0.5
V_cruise = 77.3240865038636
h_cruise = 1000.0
CLmax = 1.8109792563249514
CD0fwd = 0.008558896967176247
CD0fwd = 0.008558896967176247
CD0 = 0.004140920905745273
Clafwd = 6.028232202020173
Clarear = 6.028232202020173
CL_cr_fwd = 0.4495724279965846
CL_cr_rear = 0.44957242799658464
CL_cr = 0.4495724279965846
P_br_cruise_per_engine = 18184.75446739706
T_cr_per_engine = 192.94756622340094
x_cg_MTOM_nc = 12.048882301195984
Prop_radius = 0.6899204993644891
