MAC1 = 1.637379851223847
MAC2 = 1.637379851223847
taper = 0.45
rootchord1 = 2.1550990477530214
rootchord2 = 2.1550990477530214
thicknessChordRatio = 0.17
xAC = 0.25
MTOM_nc = 4677.73958193569
MTOM = 5092.617482186476
S1 = 16.600432223683654
S2 = 16.600432223683654
span1 = 10.624638305422394
span2 = 10.624638305422394
nmax = 3.2
Pmax = 17
lf = 7.716324285814766
m_pax = 88
n_prop = 12
n_pax = 5
pos_fus = 3.0865297143259065
pos_lgear = 3.875
pos_frontwing = 0.5
pos_backwing = 6.1
zpos_frontwing = 0.3
zpos_backwing = 1.7
m_prop = 816.2106053383752
pos_prop = [-0.10934496 -0.10934496 -0.10934496 -0.10934496 -0.10934496 -0.10934496
  5.49065504  5.49065504  5.49065504  5.49065504  5.49065504  5.49065504]
Mac1 = -0.002866846692576361
Mac2 = -0.002866846692576361
flighttime = 1.4593366383800095
takeofftime = 0.06944444444444445
enginePlacement = [0.09065504 0.09065504 0.09065504 0.09065504 0.09065504 0.09065504
 5.69065504 5.69065504 5.69065504 5.69065504 5.69065504 5.69065504]
T_max = 74429.275765709
p_pax = [1.75, 3.75, 3.75, 6, 6]
battery_pos = 0.5
cargo_m = 35
cargo_pos = 6.5
battery_m = 2000.5161895548413
P_max = 1700000.0
vol_bat = 503.6729352870608
price_bat = 45330.564175835476
h_winglet_1 = 0.5
h_winglet_2 = 0.5
V_cruise = 77.84904342407103
h_cruise = 1000
CLmax = 1.5881224618862975
CD0fwd = 0.008558896967176247
CD0fwd = 0.008558896967176247
CD0 = 0.003373135104653197
Clafwd = 6.028232202020173
Clarear = 6.028232202020173
CL_cr_fwd = 0.44352969656283975
CL_cr_rear = 0.44352969656283975
CL_cr = 0.44352969656283975
P_br_cruise_per_engine = 22528.097644193
T_cr_per_engine = 237.3064274527624
x_cg_MTOM_nc = 7.418791134122487
Prop_radius = 0.7444638305422395
