MAC1 = 0.9228475681867516
MAC2 = 0.8959512645155682
taper = 0.45
rootchord1 = 1.2146405209114586
rootchord2 = 1.1792399396800972
thicknessChordRatio = 0.17
xAC = 0.25
MTOM_nc = 2136.3820260232615
MTOM = 2302.520231311203
AR1 = 13.071296734408676
AR2 = 6.809195045943164
S1 = 10.136551179388642
S2 = 4.97709748709925
span1 = 11.51077183899104
span2 = 5.821514197554824
nmax = 3.2
Pmax = 17
lf = 10.841216396828054
m_pax = 88
n_prop = 12
n_pax = 5
pos_fus = 4.336486558731222
pos_lgear = 3.875
pos_frontwing = 0.5
pos_backwing = 9.96563658737582
zpos_frontwing = 0.3
zpos_backwing = 1.7
m_prop = 339.99999999999994
pos_prop = [0.06928811 0.06928811 0.06928811 0.06928811 0.06928811 0.06928811
 9.54164877 9.54164877 9.54164877 9.54164877 9.54164877 9.54164877]
Mac1 = -0.003217705418545833
Mac2 = -0.0028677268152914794
flighttime = 1.644457643482048
takeofftime = 0.06944444444444445
enginePlacement = [0.26928811 0.26928811 0.26928811 0.26928811 0.26928811 0.26928811
 9.74164877 9.74164877 9.74164877 9.74164877 9.74164877 9.74164877]
T_max = 33881.58540893862
p_pax = [1.75, 3.75, 3.75, 6, 6]
battery_pos = 0.5
cargo_m = 35
cargo_pos = 6.5
battery_m = 512.8205128205127
P_max = 1500000.0
vol_bat = 185.3886432477156
price_bat = 16684.977892294402
h_winglet_1 = 0.5
h_winglet_2 = 0.5
V_cruise = 66.37098369044375
h_cruise = 1000.0
CLmax = 1.7171565497726338
CD0fwd = 0.008558896967176247
CD0fwd = 0.008558896967176247
CD0 = 0.0067437185340594175
Clafwd = 6.028232202020173
Clarear = 6.028232202020173
CL_cr_fwd = 0.61020077594523
CL_cr_rear = 0.61020077594523
CL_cr = 0.6102007759452301
P_br_cruise_per_engine = 7255.86244099369
T_cr_per_engine = 90.27725435130542
x_cg_MTOM_nc = 12.796756133721214
Prop_radius_front = 0.8330771838991046
Prop_radius_back = 0.2641514197554827
Disk_load_front = 88.89281532034003
Disk_load_back = 884.1607731101394
