MAC1 = 1.2960699169544756
MAC2 = 1.2960699169544756
taper = 0.45
rootchord1 = 1.7058711463697336
rootchord2 = 1.7058711463697336
thicknessChordRatio = 0.17
xAC = 0.25
MTOM_nc = 2925.1178116439214
MTOM = 3169.9840102049093
S1 = 10.401054518384008
S2 = 10.401054518384008
span1 = 8.409944751602787
span2 = 8.409944751602787
nmax = 3.2
Pmax = 17
lf = 7.379403359777299
m_pax = 88
n_prop = 12
n_pax = 5
pos_fus = 2.95176134391092
pos_lgear = 3.875
pos_frontwing = 0.5
pos_backwing = 6.1
zpos_frontwing = 0.3
zpos_backwing = 1.7
m_prop = 576.2165134804536
pos_prop = [-0.02401748 -0.02401748 -0.02401748 -0.02401748 -0.02401748 -0.02401748
  5.57598252  5.57598252  5.57598252  5.57598252  5.57598252  5.57598252]
Mac1 = -0.002866846692576361
Mac2 = -0.002866846692576361
flighttime = 1.5203715403046443
takeofftime = 0.06944444444444445
enginePlacement = [0.17598252 0.17598252 0.17598252 0.17598252 0.17598252 0.17598252
 5.77598252 5.77598252 5.77598252 5.77598252 5.77598252 5.77598252]
T_max = 46633.903537675134
p_pax = [1.75, 3.75, 3.75, 6, 6]
battery_pos = 0.5
cargo_m = 35
cargo_pos = 6.5
battery_m = 893.9367001136486
P_max = 1500000.0
vol_bat = 337.7094200429339
price_bat = 30393.84780386405
h_winglet_1 = 0.5
h_winglet_2 = 0.5
V_cruise = 73.6496783481951
h_cruise = 1000.0
CLmax = 1.695392244643184
CD0fwd = 0.008558896967176247
CD0fwd = 0.008558896967176247
CD0 = 0.00518221859385256
Clafwd = 6.028232202020173
Clarear = 6.028232202020173
CL_cr_fwd = 0.4955500855213311
CL_cr_rear = 0.4955500855213311
CL_cr = 0.4955500855213311
P_br_cruise_per_engine = 14432.665442732876
T_cr_per_engine = 159.71131210647266
x_cg_MTOM_nc = 8.660950652134495
Prop_radius = 0.5229944751602786
