MAC1 = 1.2573785853466688
MAC2 = 1.2573785853466688
taper = 0.45
rootchord1 = 1.6549460956907742
rootchord2 = 1.6549460956907742
thicknessChordRatio = 0.17
xAC = 0.25
MTOM_nc = 2755.3177116220204
MTOM = 2983.2780545466444
AR1 = 6.8
AR2 = 6.8
S1 = 9.78932238728591
S2 = 9.78932238728591
span1 = 8.158884251755516
span2 = 8.158884251755516
nmax = 3.2
Pmax = 17
lf = 7.64120957176808
m_pax = 88
n_prop = 12
n_pax = 5
pos_fus = 3.0564838287072322
pos_lgear = 4.125
pos_frontwing = 0.5
pos_backwing = 6.1
zpos_frontwing = 0.3
zpos_backwing = 1.7
m_prop = [55.56725027 55.56725027 55.56725027 55.56725027 55.56725027 55.56725027
 55.56725027 55.56725027 55.56725027 55.56725027 55.56725027 55.56725027]
pos_prop = [-0.01434465 -0.01434465 -0.01434465 -0.01434465 -0.01434465 -0.01434465
  5.58565535  5.58565535  5.58565535  5.58565535  5.58565535  5.58565535]
Mac1 = -0.002866846692576361
Mac2 = -0.002866846692576361
flighttime = 1.5283305834049548
takeofftime = 0.06944444444444445
enginePlacement = [0.18565535 0.18565535 0.18565535 0.18565535 0.18565535 0.18565535
 5.78565535 5.78565535 5.78565535 5.78565535 5.78565535 5.78565535]
T_max = 43891.15691115734
p_pax = [1.75, 3.75, 3.75, 6, 6]
battery_pos = 1.0
cargo_m = 35
cargo_pos = 6.5
battery_m = 1005.742086421932
P_max = 3333361.4193293843
vol_bat = 322.00831791428874
price_bat = 28980.74861228599
h_winglet_1 = 0.5
h_winglet_2 = 0.5
V_cruise = 73.13523257434069
h_cruise = 1000.0
CLmax = 1.6960933364874202
CD0fwd = 0.008558896967176247
CD0fwd = 0.008558896967176247
CD0 = 0.005393298595091174
Clafwd = 6.028232202020173
Clarear = 6.028232202020173
CL_cr_fwd = 0.5025461737740504
CL_cr_rear = 0.5025461737740504
CL_cr = 0.5025461737740504
P_br_cruise_per_engine = 13686.032375161996
T_cr_per_engine = 152.3322115707131
x_cg_MTOM_nc = 2.5524548834531235
Prop_radius_front = 0.49788842517555165
Prop_radius_back = 0.49788842517555165
Disk_load_front = 322.45072672897135
Disk_load_back = 322.45072672897135
Root chord vertical tail = 1.4637907702996311
Front_wing_mass = 476.9335716816332
Rear_wing_mass = 476.9335716816332
Fuselage_mass = 188.8978994506102
Landing_gear_mass = 119.33112218186578
Vertical_tail_mass = 12.474585331391182
Propulsion_mass = 666.807003297741
