MAC1 = 1.265147796494402
MAC2 = 1.265147796494402
taper = 0.45
rootchord1 = 1.6651718350228892
rootchord2 = 1.6651718350228892
thicknessChordRatio = 0.17
xAC = 0.25
mtom = 2793.7948931207516
S1 = 9.910670535618632
S2 = 9.910670535618632
span1 = 8.209297146662843
span2 = 8.209297146662843
nmax = 3.2
Pmax = 17
lf = 7.348878876267166
m_pax = 88
n_prop = 12
n_pax = 5
pos_fus = 2.9395515505068666
pos_lgear = 3.875
pos_frontwing = 0.5
pos_backwing = 6.1
zpos_frontwing = 0.3
zpos_backwing = 1.7
m_prop = 502.6006543358783
pos_prop = [-0.01628695 -0.01628695 -0.01628695 -0.01628695 -0.01628695 -0.01628695
  5.58371305  5.58371305  5.58371305  5.58371305  5.58371305  5.58371305]
Mac1 = -0.002866846692576361
Mac2 = -0.002866846692576361
flighttime = 1.5504351809662442
takeofftime = 262.839999999906
enginePlacement = [0.18371305 0.18371305 0.18371305 0.18371305 0.18371305 0.18371305
 5.78371305 5.78371305 5.78371305 5.78371305 5.78371305 5.78371305]
T_max = 34311.7687171136
p_pax = [1.75, 3.75, 3.75, 6, 6]
battery_pos = 0.5
cargo_m = 35
cargo_pos = 6.5
battery_m = 886.1868116321529
P_max = 1809362.3556091622
vol_bat = 334.7816843943688
price_bat = 30130.351595493197
h_winglet_1 = 0.5
h_winglet_2 = 0.5
V_cruise = 72.18676185339652
CLmax = 1.5856096132929682
