MAC1 = 1.2948085001003509
MAC2 = 1.2948085001003509
taper = 0.45
rootchord1 = 1.7042108851547735
rootchord2 = 1.7042108851547735
thicknessChordRatio = 0.17
xAC = 0.25
MTOM_nc = 2921.75743511223
MTOM = 3165.923998933691
S1 = 10.380818448305249
S2 = 10.380818448305249
span1 = 8.401759663813033
span2 = 8.401759663813033
nmax = 3.2
Pmax = 17
lf = 7.37815816386608
m_pax = 88
n_prop = 12
n_pax = 5
pos_fus = 2.951263265546432
pos_lgear = 3.875
pos_frontwing = 0.5
pos_backwing = 6.1
zpos_frontwing = 0.3
zpos_backwing = 1.7
m_prop = 575.4363023013234
pos_prop = [-0.02370213 -0.02370213 -0.02370213 -0.02370213 -0.02370213 -0.02370213
  5.57629787  5.57629787  5.57629787  5.57629787  5.57629787  5.57629787]
Mac1 = -0.002866846692576361
Mac2 = -0.002866846692576361
flighttime = 1.5203900644609605
takeofftime = 0.06944444444444445
enginePlacement = [0.17629787 0.17629787 0.17629787 0.17629787 0.17629787 0.17629787
 5.77629787 5.77629787 5.77629787 5.77629787 5.77629787 5.77629787]
T_max = 46543.173608477424
p_pax = [1.75, 3.75, 3.75, 6, 6]
battery_pos = 0.5
cargo_m = 35
cargo_pos = 6.5
battery_m = 892.4811167673153
P_max = 1500000.0
vol_bat = 337.1595330009858
price_bat = 30344.35797008872
h_winglet_1 = 0.5
h_winglet_2 = 0.5
V_cruise = 73.64847260649209
h_cruise = 1000
CLmax = 1.695447757589846
CD0fwd = 0.008558896967176247
CD0fwd = 0.008558896967176247
CD0 = 0.005190967209263637
Clafwd = 6.028232202020173
Clarear = 6.028232202020173
CL_cr_fwd = 0.4955663115277627
CL_cr_rear = 0.4955663115277627
CL_cr = 0.4955663115277627
P_br_cruise_per_engine = 14409.402332626087
T_cr_per_engine = 159.45211720853086
x_cg_MTOM_nc = 8.660922989200227
Prop_radius = 0.5221759663813034
