MAC1 = 1.2369587707220675
MAC2 = 1.2369587707220675
taper = 0.45
rootchord1 = 1.6280697889987878
rootchord2 = 1.6280697889987878
thicknessChordRatio = 0.17
xAC = 0.25
MTOM_nc = 2694.7786993793725
MTOM = 2912.312736350768
S1 = 9.473947216887355
S2 = 9.473947216887355
span1 = 8.026384059764023
span2 = 8.026384059764023
nmax = 3.2
Pmax = 17
lf = 7.321052341749091
m_pax = 88
n_prop = 12
n_pax = 5
pos_fus = 2.9284209366996365
pos_lgear = 3.875
pos_frontwing = 0.5
pos_backwing = 6.1
zpos_frontwing = 0.3
zpos_backwing = 1.7
m_prop = 476.67707341889786
pos_prop = [-0.00923969 -0.00923969 -0.00923969 -0.00923969 -0.00923969 -0.00923969
  5.59076031  5.59076031  5.59076031  5.59076031  5.59076031  5.59076031]
Mac1 = -0.002866846692576361
Mac2 = -0.002866846692576361
flighttime = 1.5327175705172666
takeofftime = 0.06944444444444445
enginePlacement = [0.19076031 0.19076031 0.19076031 0.19076031 0.19076031 0.19076031
 5.79076031 5.79076031 5.79076031 5.79076031 5.79076031 5.79076031]
T_max = 42477.14881721372
p_pax = [1.75, 3.75, 3.75, 6, 6]
battery_pos = 0.5
cargo_m = 35
cargo_pos = 6.5
battery_m = 841.1948354451138
P_max = 1700000.0
vol_bat = 313.2554986053985
price_bat = 28192.994874485863
h_winglet_1 = 0.5
h_winglet_2 = 0.5
V_cruise = 72.85473311851064
h_cruise = 1000
CLmax = 1.7091788037193942
CD0fwd = 0.008558896967176247
CD0fwd = 0.008558896967176247
CD0 = 0.0056414943972136426
Clafwd = 6.028232202020173
Clarear = 6.028232202020173
CL_cr_fwd = 0.5064233492501908
CL_cr_rear = 0.5064233492501908
CL_cr = 0.5064233492501908
P_br_cruise_per_engine = 13247.302824888391
T_cr_per_engine = 147.92481258708895
x_cg_MTOM_nc = 8.072835559811695
Prop_radius = 0.48463840597640234
