MAC1 = 0.9805833435725466
MAC2 = 0.9784039172487355
taper = 0.45
rootchord1 = 1.290631632236181
rootchord2 = 1.287763098345537
thicknessChordRatio = 0.17
xAC = 0.25
MTOM_nc = 2025.9586489229173
MTOM = 2182.0250911026856
AR1 = 8.343721794790591
AR2 = 8.095443925819295
S1 = 7.3053400819857615
S2 = 7.056488433174294
span1 = 7.807286677228004
span2 = 7.558135115486819
nmax = 3.2
Pmax = 17
lf = 8.92894131733664
m_pax = 88
n_prop = 12
n_pax = 5
pos_fus = 3.571576526934656
pos_lgear = 4.125
pos_frontwing = 0.5
pos_backwing = 7.663836127050148
zpos_frontwing = 0.3
zpos_backwing = 1.7
m_prop = [31.98268288 31.98268288 31.98268288 31.98268288 31.98268288 31.98268288
 31.98268288 31.98268288 31.98268288 31.98268288 31.98268288 31.98268288]
pos_prop = [0.05485416 0.05485416 0.05485416 0.05485416 0.05485416 0.05485416
 7.21923515 7.21923515 7.21923515 7.21923515 7.21923515 7.21923515]
Mac1 = -0.0029926864164617727
Mac2 = -0.002975044572304911
flighttime = 1.5733469091179197
takeofftime = 0.06944444444444445
enginePlacement = [0.25485416 0.25485416 0.25485416 0.25485416 0.25485416 0.25485416
 7.41923515 7.41923515 7.41923515 7.41923515 7.41923515 7.41923515]
T_max = 32196.16455316222
p_pax = [1.75, 3.75, 3.75, 6, 6]
battery_pos = 2.491493856007197
cargo_m = 35
cargo_pos = 6.5
battery_m = 578.8720883774374
P_max = 1925262.535660513
vol_bat = 210.78439663309726
price_bat = 18970.595696978755
h_winglet_1 = 0.5
h_winglet_2 = 0.5
V_cruise = 70.35566639771642
h_cruise = 1000.0
CLmax = 1.7443603308288689
CD0fwd = 0.008558896967176247
CD0fwd = 0.008558896967176247
CD0 = 0.0069476544927142125
Clafwd = 6.028232202020173
Clarear = 6.028232202020173
CL_cr_fwd = 0.5430391019897679
CL_cr_rear = 0.5430391019897679
CL_cr = 0.5430391019897679
P_br_cruise_per_engine = 8683.338389392977
T_cr_per_engine = 100.71118232068034
x_cg_MTOM_nc = 3.611317090625629
Prop_radius_front = 0.4627286677228004
Prop_radius_back = 0.437813511548682
Disk_load_front = 273.04901486633656
Disk_load_back = 305.01072186904776
Root chord vertical tail = 1.2904709593298591
Front_wing_mass = 353.84169870571145
Rear_wing_mass = 343.77257942646816
Fuselage_mass = 178.80934258187915
Landing_gear_mass = 87.28100364410743
Vertical_tail_mass = 8.42693305698983
Propulsion_mass = 383.7921945942409
