MAC1 = 1.3524185860931075
MAC2 = 1.3524185860931075
taper = 0.44999999999999996
rootchord1 = 1.780036565659612
rootchord2 = 1.780036565659612
thicknessChordRatio = 0.17
xAC = 0.25
MTOM_nc = 3686.751903535068
MTOM = 3929.6168960839605
S1 = 11.325118978298514
S2 = 11.325118978298514
span1 = 8.775580268701887
span2 = 8.775580268701887
nmax = 3.2
Pmax = 17
lf = 7.4350274242447085
m_pax = 88
n_prop = 12
n_pax = 5
pos_fus = 2.9740109696978836
pos_lgear = 3.875
pos_frontwing = 0.5
pos_backwing = 6.1
zpos_frontwing = 0.3
zpos_backwing = 1.7
m_prop = 611.9074940532989
pos_prop = [-0.03810465 -0.03810465 -0.03810465 -0.03810465 -0.03810465 -0.03810465
  5.56189535  5.56189535  5.56189535  5.56189535  5.56189535  5.56189535]
Mac1 = -0.002866846692576361
Mac2 = -0.002866846692576361
flighttime = 1.4991696371198355
takeofftime = 0.06944444444444445
enginePlacement = [0.16189535 0.16189535 0.16189535 0.16189535 0.16189535 0.16189535
 5.76189535 5.76189535 5.76189535 5.76189535 5.76189535 5.76189535]
T_max = 50777.0154509989
p_pax = [1.75, 3.75, 3.75, 6, 6]
battery_pos = 0.5
cargo_m = 35
cargo_pos = 6.5
battery_m = 1499.7732697384774
P_max = 1700000.0
vol_bat = 361.6905941099541
price_bat = 32552.15346989587
h_winglet_1 = 0.5
h_winglet_2 = 0.5
V_cruise = 75.05609141301565
h_cruise = 1000
CLmax = 1.7146602011876335
CD0fwd = 0.008558896967176247
CD0fwd = 0.008558896967176247
CD0 = 0.004672406224729127
Clafwd = 6.028232202020173
Clarear = 6.028232202020173
CL_cr_fwd = 0.4771526886187809
CL_cr_rear = 0.4771526886187809
CL_cr = 0.4771526886187809
P_br_cruise_per_engine = 15690.972583899276
T_cr_per_engine = 170.68945933209372
x_cg_MTOM_nc = 7.37669683694517
Prop_radius = 0.5595580268701887
