MAC1 = 1.0526290814772532
MAC2 = 1.0526290814772532
taper = 0.45
rootchord1 = 1.3854573387068236
rootchord2 = 1.3854573387068236
thicknessChordRatio = 0.17
xAC = 0.25
MTOM_nc = 2065.1412919972354
MTOM = 2065.1412919972354
AR1 = 6.8
AR2 = 6.8
S1 = 6.860744414593291
S2 = 6.860744414593291
span1 = 6.83030467982464
span2 = 6.83030467982464
nmax = 3.2
Pmax = 17
lf = 7.1390930040301175
m_pax = 88
n_prop = 12
n_pax = 5
pos_fus = 2.8556372016120473
pos_lgear = 3.875
pos_frontwing = 0.5
pos_backwing = 6.1
zpos_frontwing = 0.3
zpos_backwing = 1.7
m_prop = 442.2771354623959
pos_prop = [0.03684273 0.03684273 0.03684273 0.03684273 0.03684273 0.03684273
 5.63684273 5.63684273 5.63684273 5.63684273 5.63684273 5.63684273]
Mac1 = -0.002866846692576361
Mac2 = -0.002866846692576361
flighttime = 1.6542623175100546
takeofftime = 0.06944444444444445
enginePlacement = [0.23684273 0.23684273 0.23684273 0.23684273 0.23684273 0.23684273
 5.83684273 5.83684273 5.83684273 5.83684273 5.83684273 5.83684273]
T_max = 30760.65918713172
p_pax = [1.75, 3.75, 3.75, 6, 6]
battery_pos = 0.5
cargo_m = 35
cargo_pos = 6.5
battery_m = 698.9451163982803
P_max = 1500000.0
vol_bat = 264.04593286157257
price_bat = 23764.13395754153
h_winglet_1 = 0.5
h_winglet_2 = 0.5
V_cruise = 65.8567118989837
h_cruise = 1000.0
CLmax = 1.7103543449085845
CD0fwd = 0.008558896967176247
CD0fwd = 0.008558896967176247
CD0 = 0.007805216645358161
Clafwd = 6.028232202020173
Clarear = 6.028232202020173
CL_cr_fwd = 0.6197680408978056
CL_cr_rear = 0.6197680408978056
CL_cr = 0.6197680408978056
P_br_cruise_per_engine = 10248.061173612301
T_cr_per_engine = 124.63016063683989
x_cg_MTOM_nc = 2.4567164210329007
Prop_radius_front = 0.365030467982464
Prop_radius_back = 0.365030467982464
Disk_load_front = 415.26490233148485
Disk_load_back = 415.26490233148485
