[['_' 'E' 'Rng' 'Ltr Cr' 'Tr Heigt' 'Ltr Height' 'Ltr Hover' 'Cr H']
 ['E' '1.0' '0.986' '0.124' '0.078' '0.078' '0.034' '0.027']
 ['Rng' '0.986' '1.0' '-0.018' '0.041' '0.041' '-0.007' '0.01']
 ['Ltr Cr' '0.124' '-0.018' '1.0' '-0.048' '-0.048' '0.003' '0.036']
 ['Tr Heigt' '0.078' '0.041' '-0.048' '1.0' '1.0' '0.056' '0.018']
 ['Ltr Height' '0.078' '0.041' '-0.048' '1.0' '1.0' '0.056' '0.018']
 ['Ltr Hover' '0.034' '-0.007' '0.003' '0.056' '0.056' '1.0' '0.02']
 ['Cr H' '0.027' '0.01' '0.036' '0.018' '0.018' '0.02' '1.0']]