MAC1 = 1.2130521531341454
MAC2 = 1.2130521531341454
taper = 0.45
rootchord1 = 1.5966041955018253
rootchord2 = 1.5966041955018253
thicknessChordRatio = 0.17
xAC = 0.25
MTOM_nc = 2653.6551508032467
MTOM = 2860.121488422711
AR1 = 6.8
AR2 = 6.8
S1 = 9.111281362893338
S2 = 9.111281362893338
span1 = 7.871258683823998
span2 = 7.871258683823998
nmax = 3.2
Pmax = 17
lf = 7.597453146626369
m_pax = 88
n_prop = 12
n_pax = 5
pos_fus = 3.038981258650548
pos_lgear = 4.125
pos_frontwing = 0.5
pos_backwing = 6.1
zpos_frontwing = 0.3
zpos_backwing = 1.7
m_prop = [52.95436878 52.95436878 52.95436878 52.95436878 52.95436878 52.95436878
 52.95436878 52.95436878 52.95436878 52.95436878 52.95436878 52.95436878]
pos_prop = [-3.26303828e-03 -3.26303828e-03 -3.26303828e-03 -3.26303828e-03
 -3.26303828e-03 -3.26303828e-03  5.59673696e+00  5.59673696e+00
  5.59673696e+00  5.59673696e+00  5.59673696e+00  5.59673696e+00]
Mac1 = -0.002866846692576361
Mac2 = -0.002866846692576361
flighttime = 1.548741842748026
takeofftime = 0.07354861111108449
enginePlacement = [0.19673696 0.19673696 0.19673696 0.19673696 0.19673696 0.19673696
 5.79673696 5.79673696 5.79673696 5.79673696 5.79673696 5.79673696]
T_max = 32669.98244052793
T_max_ctrl = 1.7000000000000004
battery_pos = 1.0
cargo_m = 35
cargo_pos = 6.5
battery_m = 958.450113660295
P_max = 3062764.491728053
vol_bat = 312.74445578786924
price_bat = 28147.001020908232
h_winglet_1 = 0.5
h_winglet_2 = 0.5
V_cruise = 72.36028532420198
h_cruise = 1000.0
CLmax = 1.7095151603550625
CD0fwd = 0.008558896967176247
CD0fwd = 0.008558896967176247
CD0 = 0.005751882076918013
Clafwd = 6.028232202020173
Clarear = 6.028232202020173
CL_cr_fwd = 0.5133679160225413
CL_cr_rear = 0.5133679160225413
CL_cr = 0.5133679160225413
P_br_cruise_per_engine = 12849.092370314958
T_cr_per_engine = 144.3027701127819
x_cg_MTOM_nc = 2.5984988859218454
Prop_radius_front = 0.4691258683823999
Prop_radius_back = 0.4691258683823999
Disk_load_front = 348.20852932753417
Disk_load_back = 348.20852932753417
Root chord vertical tail = 1.4175725835158859
Front_wing_mass = 455.27342129486055
Rear_wing_mass = 455.27342129486055
Fuselage_mass = 183.7342881071968
Landing_gear_mass = 114.40485953690845
Vertical_tail_mass = 10.769944601596256
Propulsion_mass = 635.4524253567756
Energy_nc = 854513325.0807332
Energy = 897525966.9725711
Cr_vert = 1.4175725835158859
m_v_tail = 10.769944601596256
S_vtail = 1.3785252522616296
b_vtail = 1.389221131845568
