[['_' 'E' 'Rng' 'Ltr Cr' 'Tr Heigt' 'Ltr Height' 'Ltr Hover' 'Cr H']
 ['E' '1.0' '0.981' '0.13' '0.087' '0.087' '0.051' '0.006']
 ['Rng' '0.981' '1.0' '-0.019' '-0.034' '-0.034' '0.001' '0.017']
 ['Ltr Cr' '0.13' '-0.019' '1.0' '0.005' '0.005' '-0.014' '-0.034']
 ['Tr Heigt' '0.087' '-0.034' '0.005' '1.0' '1.0' '0.021' '-0.013']
 ['Ltr Height' '0.087' '-0.034' '0.005' '1.0' '1.0' '0.021' '-0.013']
 ['Ltr Hover' '0.051' '0.001' '-0.014' '0.021' '0.021' '1.0' '-0.038']
 ['Cr H' '0.006' '0.017' '-0.034' '-0.013' '-0.013' '-0.038' '1.0']]